6.76679044e+01
 -6.98855712e+07
 1.48569612e+02
 3.19159896e+01
7.21449128e+00
  3.61548278e+00
  9.85585063e+01
  4.22610520e+01
4.10832844e+00
  2.88733133e+02
  2.04766374e+01
  8.89441785e+00
1.06210679e+01
  1.17891017e+02
  2.94298849e+00
  4.34415738e+00
3.58894749e+00 
 4.34285457e+02
 3.94041427e+01
 1.74917068e+00
2.84833019e+01
  2.20158848e+01
  2.15421233e+02
  5.11868887e+00
6.59519484e+00
  8.39806675e+01
  7.35255514e+01 
  2.78205305e+01
4.74537339e+01
  3.07695977e+01
  3.83544376e+00
  3.53735472e+02
3.48829111e+01
  5.14562732e+01
  3.05952481e+08 